$ANSIBLE_VAULT;1.1;AES256
64303964666263326239636363366431353634376462623464613936336430323430386665376135
6163393538653434313439326637303361383135383638640a393339306531396430353466646430
30376535643362386631623966363134303736313266323662663230353661666430656530323230
3939313839623835380a653433613035393065393163306564306634333334646438343439323266
30306135393232643463653032623932313631636331306633336637393031613139396430373965
61376461616265613837396139386338653432393731373565336436343166626666623763303030
62623530656130666162346238633238323266383463373236653238623836633139653534323838
34356164663565366166343935393762656430646234306634336664393637613032656637653938
61306662666565356332346337363034326363396264643336396336656131653334303637303131
34396530633862346237343062626131336466633462626639306439666261393132623337366266
34323937613330636532373036653333383364313730666163376439376639313664383364353437
31396237653563383739636665306239396331373662346233313938383730336335343034343434
62336666386531373933613430393637616137393761396233633535373235656662653762643439
63323939383031626663383733343963383635346265376539626166396530333766366463393631
38636330656637336534626330626561626432626166316665653562636637376431393165643239
37306334323335613233663638613165333963313939613838373939663962383437396466373336
63376639656539666135356361333139356530303562363236663032323730373662636464636431
30626166393866303966646662323862353632313932306537306163316537666634316262353536
34326462386366393466643530303865653037373734343163653832346338363038613861376230
30383066366132656632393830633234646636656132363239623762643031353835616530386436
38653235346163616638613330643539646639633564656662303164363063313034616331616631
35376165623134333630323962346331613463643737353737363264343934356637663939383033
36303636363239636564666361656138333737653931613764303832373531303262613561616561
32666264353334636264613665393239616233386465323064616262613864323664353766383936
36393833353734313566303638303331616135373437383662323435333562366438356161353434
66626134663663663435316563386336343966393236363735336564646232633764666138653530
61343162633339366533663337653730333139346464323763326431376534613361646430306562
38303430656363366232313265396464323364336533633833306562303537633438663434333462
63343734373666623937646562366466356232643137646232656335383330363739393033323666
36333961343866306431646130616136646233353936353662653139636536616437363438393438
33343531333963353631306635356461663363396136656263383230336463633065366464643934
65623037633930383135643731646333303730343538346230366337656333343135623338383866
62323333636338373531353035386436386238653537666338356438646664373863303634363162
33363736373632316361616339303133626136353665323962363061623033366236306565326262
65306234363437323138373633356661643732636532343139396262643666393962333835383665
33383339363463613133663337623063353162383762343933326530623336623566626566376134
31663334303164323666633763383037613362636432633264323761333133636539346664353665
38613763373764646533623537353265326565393232373230393736376234653634623233386633
66346236663736373133656464626531643931356163343338636665306463353538366364326335
31323432613632663663333562383464393030373865346638313838363431376466306664666332
39633333313439306131376432656666323836336463326565386562636634313430323565343632
65643461613532613434313530343434356232663438376138373563313234613833613264613539
64613130623836666264636465646636393333343836656166616433373536626231656232616237
62323330373762353163643030643135323230646664303363386134366531366433633431666564
38396563633462616630333434376334353066646432373866353434666464633534363061316163
38343632636435626136663839653163356530313537386163373262663539313364643235623138
31313463343463616163326339393061643761366434333439316434666361643732386134383961
30356336343733626232643430336338613138333964643532313332376265616365316436623665
34313532333733666264633038626435313239303838633235313566636234366237636661316439
32373736666662343361326439343234313061396162383666376464653865623139343432333932
36383531333437373666316332376436323862633763626464396134643437343234666130363066
34386435333839326236303563353137333166346531336535363934393131656666666532343963
34393463663461623232333161616438303035663930373937356662333963623537363437393162
39653734386637663462366139656338366363316464613663393038323538386566343730356139
30333765373164376338313938616132373933653830626132376562613037613466363839333264
66623463363335393733623666323562393136396461326136613037666531376334336565643938
61633035383532643734653238623937356330303164356634383231376261306165376530633163
38323531326366393030393230326664646264666135613161343231303033353339366466306337
33653437653564376261366362626634373435313962306230653131623432323734383962386562
32616239363938386562343035363930343830616365383365623638316235303865663963656134
34313864306331353235393862393532653263633765306163646637353138386162323731656336
39613233666535336561623964326161626133353333336134383238636535383163636135333937
39626264613666306630353065303865393864343137396338383662343932353432313264313436
33396364356633623132333261396234653030643662653838383936313032626138646234663263
63343366376430626265613735663962666666346432616161353766653566383231633339623239
64636563303565653035663465643136366663656638376231306262303363353336646133313832
32363966646638363830366533366635613835663831373831303631306464303366663837373839
32643331316634316339626130323030396635623937663830363662313033323033343930356565
64636265303630363536353331356535383430633731666465663464623838346534366261613664
36646662303063303365356634316465363366306437313565643637353532323536666139363435
34383738383033393539613461343830626638653337393661313537366135656263373563313062
31656331396236333037373562373963366232396334346137643338313038303931383363666466
34353439356139666435373133663431643563363738326631653630386230346338386232366530
34313939613364653431613461343462336236343439383039396236373935363539313465323233
34393033636361376536383065303465636631326531393730326637323937363164366263623431
33666235376562383339393663323836623162303830316161333663366431633562623535633737
30313839666665383866336133343130663761636465396236643865363034343961653639633130
35363237386262626631313930643831336137386234386334373736363163626632306339353163
66333361646462316635353365306638613066626237383836346631613235636162656234633432
31633036333439336537636233323831363232653039626666623062396337366438633631336231
39633232623932363965636234666336616362343734366433656261383665336432393435333334
61323538306233346366356665666532353466636561643433393231613334656536373966643135
30353366376364363531653130663430626664306431663731333765306235366135333534643334
37326533356533633763323062363664366538353635323961343637623363383363373162363431
38373366346532363930626163636134623039613763343132363938316434353663663932623635
35623631623561633138643635633061303830616630313831316264376232363735393036663934
61366331653137633035383132306130323163393137343539376565353364353034386263373338
32396662653638646532623364363464363337376530393835323266636662643036393534633364
38653433353061383837323537633831326532616439613834396430613965316534306466633436
37323162366438363961623735376365323338633065306466373237326162303164663533646136
36323464306135376665663039663337656165363435653635646630623665646261353437656435
34663863656333646134353236666136303837383032303031636638366461653734306666613263
37366461316465653066353365643466613964353736363037373662663937386164633035623839
38343039386235383730646665666463613137353965303838373337313762306666623461333265
63313364366161653537623232323234623631323265333637653839633236636539363838323565
39633033353861636236383234316337623962653164646135616132653933343465326439626635
36306235363865353938643166666338366532613335393763666238353566333237386331396462
33663134326362663666313866653863336434646239656635353133653135663864353132633139
61663536656435636432613530646639366138323966646436656635366364336133383534626137
30386632636338386538623061363833643364333634653261626133363132613030313635633536
36613531316462633532356362633631386635373039333435396632306661653333643736616133
39323639643535333737666438343861623161653236396232656462643066303166313132643366
33643462666532633632613031363036636239363462623937313330313961613431363939643734
64623337613163376162383661666334666463363234626336393166326431396133653636373066
37396163623361303038386165616164346639343039626530613438643262326635383832316266
64366437643436383166393064323535633239653833626661643766303762393931333263336264
38323233643465616364373037306436386265346635636162383237346466346634346638623837
39313863613930313831323539313062643363376138643136303338626265313930646436383762
61323364313865653332366232636564336531316565636333393731343932323465396565363935
30663664653534346532633534306132366265646433636432393731653934646135393137326462
32366438393534633263663937666634333230313562663562363666366331663233323332356233
61646165366233316164666138383531383133363062333332316464353435373761366165343861
34636439663436323064326265343632393065343930663930623039343465616361313865333036
36393839613739356164626537636133646164326636373438333030646463363136343330323132
33373961633562613061336431626633396139653736323463356563316666333035643834323438
31376232373633376330666331633231663132303163613439636662333537663463663534623435
33313939613237313331313931623361646538643033663636626332663739303836373235383837
62343139336465336433666432663235333335393065353666613234623630666335336335323432
63616438303638663562313532363231326234323361393039383165383734333430363466643265
39306134386531366633633038653063373036316261633134303234383565663238336235366133
62653166653931303333656535623434313162333465626435353933613262356465636139303937
38613134363664616166643463643939626233663132313931646461386637326462663161363934
33366435316632396565656134326365383936666430326162383830613731646437386265636335
30343630613031366363346163316466646338383633306437323561623232343761303137333662
30306134643034393239643836633966306261343365663964366161353638663034316231666430
30613035396536653562313530353862306664663865353362393635386536343839656336333464
37663765623939626566363139653063363033633866323964396134323361646466383265306335
35343465396432616135626530643634383365613966353264306438653463393335383437373966
37356564613664376637333436373135646266353864663835636264303135386232303533366539
36616466653564396435633932333763646130353535613236616663623838616563306161303863
33333464373864383333646635366235393565613237383763323165303439363835323063646161
32363562356134323239643935643631326263343065333165633432383434386464343234356566
36386237636564623365313738323935393363643063653633646163363336353462636361303432
61633134626235323534323737386431663432353862346130336364316232393937623931663631
65336339363339663137636665626330636138626131653636376538306564323864366139626362
64636137353163366531356334386632616165303963323565373162636436306130333536343863
35663435616337343965366233396436303461636565313236326339313034396464656230363130
32376435326334373139643063633238643338656366376561633262386239323433346565626537
64323262383463613130333233633439373337353962643934346566666661343861306537323939
62393136346232326435626137663934636137303463396664326665653231316337373130326438
64636437633232306437393235666133613536313761303363633136363538356363393962653762
33646236333539356534613839373236626336366461373261326565313865623338373462343838
63366332343564326333346163313263326166626135373235633635333262383065383439666336
39616364333965653339646530613065333562643438656637393539336133353866376362646233
63613734306461643938313632626335623534306532626565656336333064356366396233366563
31396636323463656431626434323835356637396330383561623735666666393132613134633564
31663631316131373461373232663033666231353635363037343061643065396333633066366134
63336561666431303039323738636165653834386235366231323936336330356334643239656436
30313739663963643331623139643631323633306130666530616431356339366564613739383531
32366161613061396531643836613933363537326433646362323138656163626134373163663461
36333232636663643430643237616333633734373732313161336234303335323038626637303161
33303638333737383835663265633232336461653639643163366265396532656338393962633330
33333339333463353737383166353437613239623863613434623562343831383863323665643761
30393562333032363933396539343530663437386334373139326435653938623666323735643134
30316663333366363862313130326364383665363631373338616564353266353634393236663037
64653936303964633632343265396336303038323939363236343737373935366334346361373962
37643163376134303735393734626234646531643461383838663766653634393837646132316365
36656431373861363430366466653931343464386663353538323962386366643761613931373634
37323337653864323331663531323464386130336565366436643964366132623966383434633637
36326662623266306330313430633737363430303763653664326666656638373265613737616435
33626530633734643833613633336361396333373030613331633238353435366630646539323666
30356332646330656662663330343565393562316366316132356236336639313466343936303631
64363638343366323934653961666337373739393637336535306333623934613762663037343364
62626162336439386366646231396335363961356239613534306133633835386631376464376139
32373866343336663836636531626332313036643064633965323266326339323365626536333163
38336534303538663764613366663464313365326563623465643764386634393236656335666462
31316330343933636633616362653639393965663165306439656232623764343134643637643666
62666562626634663036353762346136356262656661386164383838356565356166333035636335
39633439326439613463326238363766643538653562636664346661353033346239303964393838
31353738646237633063326434306233393265363566333265336534346433353335663432326630
30386630383862633061323231343936636136636335633537653161353137343438336630323835
34303835386234346230316138646436653939636635396664346136646262356265663338356537
63626263303834323933356139343966313862313166346135653834333137373237643861626235
62353532343537363236656331613737306439336533623565646530373763353633336439393433
61346630363135646637306664303138323566336231343362643063643065393435376463656137
31353831383831616335376437313939336534613537626134363731383733366339396666636535
38643832313335356430653637383636623366376130643637323761376531623737396430383963
33383864353765323032326163363633663939336134326237366237643137363637326166653864
33626234636363353539393162316437303564316231363230666236303730666264643736373261
37643536333865656630383564323164663532343434366332613066353931303466303330303063
61366339643666363562613434633638346433373166653138353131373033306239326237393033
65323632633432323565666136323637333732303065343239666132356239393035623865363239
66396161333132646663393735346661323861616430633239336237666231643436636130336131
39613165353861313666353165363531663534633631623334653235656561343732623366656162
39333363336535386230306232326439616461323431623739613233303531373765323930333364
64383536353662303232313566373065316639353832353465303030623766383136373139633163
63383131343730633334373162326535386462646563376337363533386431303036633930333163
64623735376439323366313262323763613536633263346164616264623066396366393937613462
37643966363431663136396362363636636161626566386431636634653931633537653939326363
33653035343432623263313461666538353365343530623364636132363566623633373430613038
66303530356637653837623665353032626630653233326265313830623635636262366130323535
35393365376133616438356632393531653164373436343261613636396433303031613134343666
66343236303861383232373638636466343266663634323035626265313835346532663630396166
61396331373966363739323464353836646334393062393530613232393839366630373431356133
32363462323839636234646536323336636635393861323864366138643637323931353465386235
61373831303963353937333466663364386535616537386164656535653532646566623531386533
37623464336231373339356165383536666365346636626433633465343966393037373662616537
38363465636164366365373437303337393065326535643136643733386530663764363539303365
34326334393766663732333765356332636262356539346634326663303033366266393436613536
33636630613730663330306566653035633363356537376665306533633464623765313239303639
66613665316666396438323334366263303833646237333133653637343133643136653838663932
62623934623463663936303964393736373232346161333036633732613737313834363763323935
63663262663633656362356464336337323830626666363162376261393232366531303538623539
38346161656538306434376465373262346666643732306464323236373461623032383638653863
34643265366433383438393730356366376435396166303164353735323036616136616634643737
63303437636539653830636539393238353766303032303738323662613265663335323439313363
66333839653532646461383365306166373535616230333135633338306238396638623839373238
32623837373464393666393830326465363932386237626262643634613864376464346565646231
64633461663336346232623466616465383731303864333938376666333364333538316232633466
61613561363165303861323639393331613165383033303433376432366339376139326533656264
39613430373263383334393166323037396230303533383266343165373131333436306463643438
64366465376339623361363538663866353636363135323036663263373931316166303633333333
39656334376437643762663531333635663933313231326466363765366465306562626263633765
31313033626264643063313737373734643336323861646637323530333764653861643133326466
31386563376362336662653039383236363137356636643032623031633037656635666637666363
30346133623064636338313530383935663264333635346638383561376566643232623536646437
33666537303435353330613837323466356332383666393636656466323137643165653864396236
31616433313431653962313265343463623431623231373138636666313136616463656235313737
39376166626239643465396239393065653631333833653631363364613861643530346364363933
39643866303131636630313566623533393335336335386536306666653862633561646261616632
39653266306163376433326630396330363566623938356437316263383363396434383361623734
61363638643634313830393937346166623933343563303033616664313931326465303239646166
62623334656132656334396365376538316532613837376132356334306235393166303761346538
32616439653963643338343462633531656435353535396230666130373037646336326631303738
65313939373363326636383562393961643534663236303862306364396166376564626561346437
38303431613361303163623164373638313563626664333865383131653133353438626639333436
61663237316461323065396533666564376134343461616530653234336233616165363563343065
32326337636632353566376364636535633339313138613264386530333464383665646266356338
39623037363739363338366430643961383936303464353964653036323766623366393365653339
66343133623339343230353935393561346131623631666662666365663961303963626262386663
34343135656465353065383664356363343362306266366630313962306437373762316136636339
39353730643865616637663630626435376361613133343262353461663163613061666334363732
65613964656162323739643831343266643830616130366336626436636637616232376366346563
31646230383639663437663735653130303664306431326165363633383466373965613032656361
64656363303732323536633465636139636438376463666439333235643436363666393837636135
33643534656131313064646264626661363564336430343737646333383935376139326366393061
63666130653733383232386164616266323237343561613235646131626233356331306365326539
63336537653930623735336136333539303138633438383738343033373231383033393131376539
39313430343766656365303261363739346133626133633463393030626430313835386337383538
64366364333334643534316337306337373136613031643034353366653431343934383638323861
32663062623834623733323837336335346163663762353165383531313830323236373762343363
38663537383136623231636232303438666166313934313537306233333935316334316263346530
62626431643130356233306364333035313861373835386230376361656565396564383731323433
63653036386133656233653363376431376634613634623835353262636536373531373333623262
61626166343935336630376134356639653332303935363333333739303134326264636263303130
62383434613530366436663464363638393838313464333163386530396131373837316264393637
34373630396335643661343137376335313165323361323630666363316538323963303337636139
63316237613937376436626239303962653736306663613933636530363261363335386537663835
66653561643630366165306466393430623433303833366265383931393839653634323134383830
63623230383737353162616565326364623761333637346334303832643532303632353265613638
66306664326530343565626235396436663134633261373264396230396162613066333463363131
30323538623335633637386135633031663664383566396237616266323935326461303938393863
61393336333537336564626136333465626666643339333362336639363561346236316232326339
32376564616461383037396262366534333237393765316637666164653430333237343661653063
63616336616134653332316535373865363236383230383331323362366631643936363932363731
66653365663530376234353864646136326338326332646338623630356161353563303162626665
38633265356137656162393962666131333364623732346530663037346237663731386162623039
39636230336534366235323831666231346537363532623339396364336366656430326339656166
35393230653662353963386562663665353436373135643761396162663133666666643636383930
63306331306437393430303430353565643432396365393730353064396535303030373461616338
34306665316437663838373536643934356530613036633630306231646338386530373034333731
30643737383935333037313734656438346562656231323661646433333432626534363838343039
38343666326137393133626136396635383634353364316261633039353361323166633937333539
66613537353762396662303734346332373435366132326138363566353331336266313531633837
61303237666637346262613562383537633963303036326565366563643437656261636135323764
33316436346335353736623139643038323639633930393135383266613831356433383731656235
38306363646631336263643331646333623530383861626432376431643638373237613239326136
64626661633039386236613831353365626166363031663061316638333361383737383338356536
38363535376261626465666162346438373238373939346165316238663835363565373139343266
36373433306330306564353463353030383164626366316432366631663536666333396336653839
34303632306130316133333265326164333565343035653336353832316464333830326230343034
62303535393638623465373237306630663333633565386532393130333231623566393530666239
36613065353766393038643166653139366565393137666666393962313965393233663761393931
34613939326166656463663538333030383834663462393638616330383236396464636563316565
37303061346232376562356431396630323761663339343062303738636136313939356339633037
33616132373635333066333162663461346261333531666164353964353433653963366232613333
34633437363738616533666235623332326330373264633266623535383432353165323837323537
35386566393238393036353036376538633134336135663966666530333239376263663831633732
64323432393334323061373139393933333036323738333465353934623437353565646564393532
63316136383861323432343663303132363164373533306265353633613061336236363033656530
33616262393063333534353862373235393936376138663534633836613063373762306631623431
3537623561303761356662663733343233363366643439336536
